1
1
2
5
14
42
132
429
1430
4862
16796
58786
208012
742900
2674440
9694845
35357670
129644790
477638700
1767263190
-- neighbours
1.0
2.0
2.5
2.8
3.0
3.142857142857143
3.25
3.3333333333333335
3.4
3.4545454545454546
3.5
3.5384615384615383
3.5714285714285716
3.6
3.625
3.6470588235294117
3.6666666666666665
3.6842105263157894
3.7
-----------------
2.0
5.0
7.0
8.4
9.428571428571429
10.214285714285714
10.833333333333334
11.333333333333334
11.745454545454546
12.090909090909092
12.384615384615385
12.637362637362637
12.857142857142858
13.05
13.220588235294118
13.372549019607844
13.508771929824562
13.631578947368421
