glue 2 edge and 10 edge
for vertices 11 and 2 diff classes = [0, 1, 2, 3, 4, 5, 6, 7, 8, 9, 10, 11]
    for vertex 2 , adjacency = [3, 4]
    for vertex 11 , adjacency = [21, 22]
  join classes for 2 and 11 vertices, classes = [0, 1, 2, 3, 4, 5, 6, 7, 8, 9, 10, 2]
adjacency after joining classes:
  0 -> [0, 5]
  1 -> [1, 2]
  2 -> [4, 3, 22, 21]
  3 -> [6, 11]
  4 -> [7, 8]
  5 -> [9, 10]
  6 -> [12, 23]
  7 -> [13, 14]
  8 -> [15, 16]
  9 -> [17, 18]
  10 -> [19, 20]
  11 -> [4, 3, 22, 21]
classes after = [0, 1, 2, 3, 4, 5, 6, 7, 8, 9, 10, 2]
for vertices 0 and 10 diff classes = [0, 1, 2, 3, 4, 5, 6, 7, 8, 9, 10, 2]
    for vertex 10 , adjacency = [19, 20]
    for vertex 0 , adjacency = [0, 5]
  join classes for 10 and 0 vertices, classes = [10, 1, 2, 3, 4, 5, 6, 7, 8, 9, 10, 2]
adjacency after joining classes:
  0 -> [20, 19, 0, 5]
  1 -> [1, 2]
  2 -> [4, 3, 22, 21]
  3 -> [6, 11]
  4 -> [7, 8]
  5 -> [9, 10]
  6 -> [12, 23]
  7 -> [13, 14]
  8 -> [15, 16]
  9 -> [17, 18]
  10 -> [20, 19, 0, 5]
  11 -> [4, 3, 22, 21]
classes after joining = [10, 1, 2, 3, 4, 5, 6, 7, 8, 9, 10, 2]
adjacency
  0 v. -> [20, 19, 0, 5]
  1 v. -> [1, 2]
  2 v. -> [4, 3, 22, 21]
  3 v. -> [6, 11]
  4 v. -> [7, 8]
  5 v. -> [9, 10]
  6 v. -> [12, 23]
  7 v. -> [13, 14]
  8 v. -> [15, 16]
  9 v. -> [17, 18]
  10 v. -> [20, 19, 0, 5]
  11 v. -> [4, 3, 22, 21]
glue 3 edge and 7 edge
for vertices 8 and 3 diff classes = [10, 1, 2, 3, 4, 5, 6, 7, 8, 9, 10, 2]
    for vertex 3 , adjacency = [6, 11]
    for vertex 8 , adjacency = [15, 16]
  join classes for 3 and 8 vertices, classes = [10, 1, 2, 3, 4, 5, 6, 7, 3, 9, 10, 2]
adjacency after joining classes:
  0 -> [20, 19, 0, 5]
  1 -> [1, 2]
  2 -> [4, 3, 22, 21]
  3 -> [6, 11, 16, 15]
  4 -> [7, 8]
  5 -> [9, 10]
  6 -> [12, 23]
  7 -> [13, 14]
  8 -> [6, 11, 16, 15]
  9 -> [17, 18]
  10 -> [20, 19, 0, 5]
  11 -> [4, 3, 22, 21]
classes after = [10, 1, 2, 3, 4, 5, 6, 7, 3, 9, 10, 2]
for vertices 4 and 7 diff classes = [10, 1, 2, 3, 4, 5, 6, 7, 3, 9, 10, 2]
    for vertex 7 , adjacency = [13, 14]
    for vertex 4 , adjacency = [7, 8]
  join classes for 7 and 4 vertices, classes = [10, 1, 2, 3, 7, 5, 6, 7, 3, 9, 10, 2]
adjacency after joining classes:
  0 -> [20, 19, 0, 5]
  1 -> [1, 2]
  2 -> [4, 3, 22, 21]
  3 -> [6, 11, 16, 15]
  4 -> [14, 13, 8, 7]
  5 -> [9, 10]
  6 -> [12, 23]
  7 -> [14, 13, 8, 7]
  8 -> [6, 11, 16, 15]
  9 -> [17, 18]
  10 -> [20, 19, 0, 5]
  11 -> [4, 3, 22, 21]
classes after joining = [10, 1, 2, 3, 7, 5, 6, 7, 3, 9, 10, 2]
adjacency
  0 v. -> [20, 19, 0, 5]
  1 v. -> [1, 2]
  2 v. -> [4, 3, 22, 21]
  3 v. -> [6, 11, 16, 15]
  4 v. -> [14, 13, 8, 7]
  5 v. -> [9, 10]
  6 v. -> [12, 23]
  7 v. -> [14, 13, 8, 7]
  8 v. -> [6, 11, 16, 15]
  9 v. -> [17, 18]
  10 v. -> [20, 19, 0, 5]
  11 v. -> [4, 3, 22, 21]
glue 0 edge and 9 edge
for vertices 1 and 9 diff classes = [10, 1, 2, 3, 7, 5, 6, 7, 3, 9, 10, 2]
    for vertex 9 , adjacency = [17, 18]
    for vertex 1 , adjacency = [1, 2]
  join classes for 9 and 1 vertices, classes = [10, 9, 2, 3, 7, 5, 6, 7, 3, 9, 10, 2]
adjacency after joining classes:
  0 -> [20, 19, 0, 5]
  1 -> [18, 17, 2, 1]
  2 -> [4, 3, 22, 21]
  3 -> [6, 11, 16, 15]
  4 -> [14, 13, 8, 7]
  5 -> [9, 10]
  6 -> [12, 23]
  7 -> [14, 13, 8, 7]
  8 -> [6, 11, 16, 15]
  9 -> [18, 17, 2, 1]
  10 -> [20, 19, 0, 5]
  11 -> [4, 3, 22, 21]
classes after joining = [10, 9, 2, 3, 7, 5, 6, 7, 3, 9, 10, 2]
adjacency
  0 v. -> [20, 19, 0, 5]
  1 v. -> [18, 17, 2, 1]
  2 v. -> [4, 3, 22, 21]
  3 v. -> [6, 11, 16, 15]
  4 v. -> [14, 13, 8, 7]
  5 v. -> [9, 10]
  6 v. -> [12, 23]
  7 v. -> [14, 13, 8, 7]
  8 v. -> [6, 11, 16, 15]
  9 v. -> [18, 17, 2, 1]
  10 v. -> [20, 19, 0, 5]
  11 v. -> [4, 3, 22, 21]
glue 1 edge and 11 edge
for vertices 6 and 1 diff classes = [10, 9, 2, 3, 7, 5, 6, 7, 3, 9, 10, 2]
    for vertex 1 , adjacency = [18, 17, 2, 1]
    for vertex 6 , adjacency = [12, 23]
  join classes for 1 and 6 vertices, classes = [10, 9, 2, 3, 7, 5, 9, 7, 3, 9, 10, 2]
adjacency after joining classes:
  0 -> [20, 19, 0, 5]
  1 -> [2, 1, 18, 17, 12, 23]
  2 -> [4, 3, 22, 21]
  3 -> [6, 11, 16, 15]
  4 -> [14, 13, 8, 7]
  5 -> [9, 10]
  6 -> [2, 1, 18, 17, 12, 23]
  7 -> [14, 13, 8, 7]
  8 -> [6, 11, 16, 15]
  9 -> [2, 1, 18, 17, 12, 23]
  10 -> [20, 19, 0, 5]
  11 -> [4, 3, 22, 21]
classes after = [10, 9, 2, 3, 7, 5, 9, 7, 3, 9, 10, 2]
adjacency
  0 v. -> [20, 19, 0, 5]
  1 v. -> [2, 1, 18, 17, 12, 23]
  2 v. -> [4, 3, 22, 21]
  3 v. -> [6, 11, 16, 15]
  4 v. -> [14, 13, 8, 7]
  5 v. -> [9, 10]
  6 v. -> [2, 1, 18, 17, 12, 23]
  7 v. -> [14, 13, 8, 7]
  8 v. -> [6, 11, 16, 15]
  9 v. -> [2, 1, 18, 17, 12, 23]
  10 v. -> [20, 19, 0, 5]
  11 v. -> [4, 3, 22, 21]
glue 4 edge and 6 edge
for vertices 5 and 6 diff classes = [10, 9, 2, 3, 7, 5, 9, 7, 3, 9, 10, 2]
    for vertex 6 , adjacency = [2, 1, 18, 17, 12, 23]
    for vertex 5 , adjacency = [9, 10]
  join classes for 6 and 5 vertices, classes = [10, 9, 2, 3, 7, 9, 9, 7, 3, 9, 10, 2]
adjacency after joining classes:
  0 -> [20, 19, 0, 5]
  1 -> [12, 23, 2, 1, 18, 17, 10, 9]
  2 -> [4, 3, 22, 21]
  3 -> [6, 11, 16, 15]
  4 -> [14, 13, 8, 7]
  5 -> [12, 23, 2, 1, 18, 17, 10, 9]
  6 -> [12, 23, 2, 1, 18, 17, 10, 9]
  7 -> [14, 13, 8, 7]
  8 -> [6, 11, 16, 15]
  9 -> [12, 23, 2, 1, 18, 17, 10, 9]
  10 -> [20, 19, 0, 5]
  11 -> [4, 3, 22, 21]
classes after joining = [10, 9, 2, 3, 7, 9, 9, 7, 3, 9, 10, 2]
adjacency
  0 v. -> [20, 19, 0, 5]
  1 v. -> [12, 23, 2, 1, 18, 17, 10, 9]
  2 v. -> [4, 3, 22, 21]
  3 v. -> [6, 11, 16, 15]
  4 v. -> [14, 13, 8, 7]
  5 v. -> [12, 23, 2, 1, 18, 17, 10, 9]
  6 v. -> [12, 23, 2, 1, 18, 17, 10, 9]
  7 v. -> [14, 13, 8, 7]
  8 v. -> [6, 11, 16, 15]
  9 v. -> [12, 23, 2, 1, 18, 17, 10, 9]
  10 v. -> [20, 19, 0, 5]
  11 v. -> [4, 3, 22, 21]
glue 5 edge and 8 edge
adjacency
  0 v. -> [20, 19, 0, 5]
  1 v. -> [12, 23, 2, 1, 18, 17, 10, 9]
  2 v. -> [4, 3, 22, 21]
  3 v. -> [6, 11, 16, 15]
  4 v. -> [14, 13, 8, 7]
  5 v. -> [12, 23, 2, 1, 18, 17, 10, 9]
  6 v. -> [12, 23, 2, 1, 18, 17, 10, 9]
  7 v. -> [14, 13, 8, 7]
  8 v. -> [6, 11, 16, 15]
  9 v. -> [12, 23, 2, 1, 18, 17, 10, 9]
  10 v. -> [20, 19, 0, 5]
  11 v. -> [4, 3, 22, 21]
------------------------------


classes before cut = [10, 9, 2, 3, 7, 9, 9, 7, 3, 9, 10, 2]
cut 2 10
cut 5 8
separVers = []
     classes = [12, 13, 11, 14, 7, 13, 13, 7, 14, 13, 12, 11]
adjacency after cut:
  0 -> [20, 19, 0, 5]
  1 -> [12, 23, 2, 1, 18, 17, 10, 9]
  2 -> [4, 3, 22, 21]
  3 -> [6, 11, 16, 15]
  4 -> [14, 13, 8, 7]
  5 -> [12, 23, 2, 1, 18, 17, 10, 9]
  6 -> [12, 23, 2, 1, 18, 17, 10, 9]
  7 -> [14, 13, 8, 7]
  8 -> [6, 11, 16, 15]
  9 -> [12, 23, 2, 1, 18, 17, 10, 9]
  10 -> [20, 19, 0, 5]
  11 -> [4, 3, 22, 21]
glue 2 5
for vertices 3 and 2 diff classes = [12, 13, 11, 14, 7, 13, 13, 7, 14, 13, 12, 11]
    for vertex 2 , adjacency = [4, 3, 22, 21]
    for vertex 3 , adjacency = [6, 11, 16, 15]
  join classes for 2 and 3 vertices, classes = [12, 13, 11, 11, 7, 13, 13, 7, 11, 13, 12, 11]
adjacency after joining classes:
  0 -> [20, 19, 0, 5]
  1 -> [12, 23, 2, 1, 18, 17, 10, 9]
  2 -> [4, 3, 22, 21, 16, 15, 6, 11]
  3 -> [4, 3, 22, 21, 16, 15, 6, 11]
  4 -> [14, 13, 8, 7]
  5 -> [12, 23, 2, 1, 18, 17, 10, 9]
  6 -> [12, 23, 2, 1, 18, 17, 10, 9]
  7 -> [14, 13, 8, 7]
  8 -> [4, 3, 22, 21, 16, 15, 6, 11]
  9 -> [12, 23, 2, 1, 18, 17, 10, 9]
  10 -> [20, 19, 0, 5]
  11 -> [4, 3, 22, 21, 16, 15, 6, 11]
classes after = [12, 13, 11, 11, 7, 13, 13, 7, 11, 13, 12, 11]
for vertices 0 and 5 diff classes = [12, 13, 11, 11, 7, 13, 13, 7, 11, 13, 12, 11]
    for vertex 5 , adjacency = [12, 23, 2, 1, 18, 17, 10, 9]
    for vertex 0 , adjacency = [20, 19, 0, 5]
  join classes for 5 and 0 vertices, classes = [13, 13, 11, 11, 7, 13, 13, 7, 11, 13, 13, 11]
adjacency after joining classes:
  0 -> [10, 9, 12, 23, 2, 1, 18, 17, 20, 19, 0, 5]
  1 -> [10, 9, 12, 23, 2, 1, 18, 17, 20, 19, 0, 5]
  2 -> [4, 3, 22, 21, 16, 15, 6, 11]
  3 -> [4, 3, 22, 21, 16, 15, 6, 11]
  4 -> [14, 13, 8, 7]
  5 -> [10, 9, 12, 23, 2, 1, 18, 17, 20, 19, 0, 5]
  6 -> [10, 9, 12, 23, 2, 1, 18, 17, 20, 19, 0, 5]
  7 -> [14, 13, 8, 7]
  8 -> [4, 3, 22, 21, 16, 15, 6, 11]
  9 -> [10, 9, 12, 23, 2, 1, 18, 17, 20, 19, 0, 5]
  10 -> [10, 9, 12, 23, 2, 1, 18, 17, 20, 19, 0, 5]
  11 -> [4, 3, 22, 21, 16, 15, 6, 11]
classes after joining = [13, 13, 11, 11, 7, 13, 13, 7, 11, 13, 13, 11]
     classes = [13, 13, 11, 11, 7, 13, 13, 7, 11, 13, 13, 11]
glue 10 8
     classes = [13, 13, 11, 11, 7, 13, 13, 7, 11, 13, 13, 11]

adjacency after dcj:
  0 -> [10, 9, 12, 23, 2, 1, 18, 17, 20, 19, 0, 5]
  1 -> [10, 9, 12, 23, 2, 1, 18, 17, 20, 19, 0, 5]
  2 -> [4, 3, 22, 21, 16, 15, 6, 11]
  3 -> [4, 3, 22, 21, 16, 15, 6, 11]
  4 -> [14, 13, 8, 7]
  5 -> [10, 9, 12, 23, 2, 1, 18, 17, 20, 19, 0, 5]
  6 -> [10, 9, 12, 23, 2, 1, 18, 17, 20, 19, 0, 5]
  7 -> [14, 13, 8, 7]
  8 -> [4, 3, 22, 21, 16, 15, 6, 11]
  9 -> [10, 9, 12, 23, 2, 1, 18, 17, 20, 19, 0, 5]
  10 -> [10, 9, 12, 23, 2, 1, 18, 17, 20, 19, 0, 5]
  11 -> [4, 3, 22, 21, 16, 15, 6, 11]
  new answer is 3
  opers for this answer are   ((2, 10), (5, 8)) ((2, 5), (10, 8))

classes before cut = [13, 13, 11, 11, 7, 13, 13, 7, 11, 13, 13, 11]
cut 1 11
cut 3 7
separVers = []
     classes = [14, 14, 15, 15, 17, 14, 14, 17, 16, 14, 14, 16]
adjacency after cut:
  0 -> [10, 9, 12, 23, 2, 1, 18, 17, 20, 19, 0, 5]
  1 -> [10, 9, 12, 23, 2, 1, 18, 17, 20, 19, 0, 5]
  2 -> [4, 3, 22, 21, 16, 15, 6, 11]
  3 -> [4, 3, 22, 21, 16, 15, 6, 11]
  4 -> [14, 13, 8, 7]
  5 -> [10, 9, 12, 23, 2, 1, 18, 17, 20, 19, 0, 5]
  6 -> [10, 9, 12, 23, 2, 1, 18, 17, 20, 19, 0, 5]
  7 -> [14, 13, 8, 7]
  8 -> [4, 3, 22, 21, 16, 15, 6, 11]
  9 -> [10, 9, 12, 23, 2, 1, 18, 17, 20, 19, 0, 5]
  10 -> [10, 9, 12, 23, 2, 1, 18, 17, 20, 19, 0, 5]
  11 -> [4, 3, 22, 21, 16, 15, 6, 11]
glue 1 7
for vertices 8 and 1 diff classes = [14, 14, 15, 15, 17, 14, 14, 17, 16, 14, 14, 16]
    for vertex 1 , adjacency = [10, 9, 12, 23, 2, 1, 18, 17, 20, 19, 0, 5]
    for vertex 8 , adjacency = [4, 3, 22, 21, 16, 15, 6, 11]
  join classes for 1 and 8 vertices, classes = [14, 14, 15, 15, 17, 14, 14, 17, 14, 14, 14, 14]
adjacency after joining classes:
  0 -> [2, 1, 18, 17, 20, 19, 0, 5, 10, 9, 12, 23, 6, 11, 4, 3, 22, 21, 16, 15]
  1 -> [2, 1, 18, 17, 20, 19, 0, 5, 10, 9, 12, 23, 6, 11, 4, 3, 22, 21, 16, 15]
  2 -> [4, 3, 22, 21, 16, 15, 6, 11]
  3 -> [4, 3, 22, 21, 16, 15, 6, 11]
  4 -> [14, 13, 8, 7]
  5 -> [2, 1, 18, 17, 20, 19, 0, 5, 10, 9, 12, 23, 6, 11, 4, 3, 22, 21, 16, 15]
  6 -> [2, 1, 18, 17, 20, 19, 0, 5, 10, 9, 12, 23, 6, 11, 4, 3, 22, 21, 16, 15]
  7 -> [14, 13, 8, 7]
  8 -> [2, 1, 18, 17, 20, 19, 0, 5, 10, 9, 12, 23, 6, 11, 4, 3, 22, 21, 16, 15]
  9 -> [2, 1, 18, 17, 20, 19, 0, 5, 10, 9, 12, 23, 6, 11, 4, 3, 22, 21, 16, 15]
  10 -> [2, 1, 18, 17, 20, 19, 0, 5, 10, 9, 12, 23, 6, 11, 4, 3, 22, 21, 16, 15]
  11 -> [2, 1, 18, 17, 20, 19, 0, 5, 10, 9, 12, 23, 6, 11, 4, 3, 22, 21, 16, 15]
classes after = [14, 14, 15, 15, 17, 14, 14, 17, 14, 14, 14, 14]
for vertices 2 and 7 diff classes = [14, 14, 15, 15, 17, 14, 14, 17, 14, 14, 14, 14]
    for vertex 7 , adjacency = [14, 13, 8, 7]
    for vertex 2 , adjacency = [4, 3, 22, 21, 16, 15, 6, 11]
  join classes for 7 and 2 vertices, classes = [14, 14, 17, 17, 17, 14, 14, 17, 14, 14, 14, 14]
adjacency after joining classes:
  0 -> [2, 1, 18, 17, 20, 19, 0, 5, 10, 9, 12, 23, 6, 11, 4, 3, 22, 21, 16, 15]
  1 -> [2, 1, 18, 17, 20, 19, 0, 5, 10, 9, 12, 23, 6, 11, 4, 3, 22, 21, 16, 15]
  2 -> [14, 13, 8, 7, 22, 21, 16, 15, 6, 11, 4, 3]
  3 -> [14, 13, 8, 7, 22, 21, 16, 15, 6, 11, 4, 3]
  4 -> [14, 13, 8, 7, 22, 21, 16, 15, 6, 11, 4, 3]
  5 -> [2, 1, 18, 17, 20, 19, 0, 5, 10, 9, 12, 23, 6, 11, 4, 3, 22, 21, 16, 15]
  6 -> [2, 1, 18, 17, 20, 19, 0, 5, 10, 9, 12, 23, 6, 11, 4, 3, 22, 21, 16, 15]
  7 -> [14, 13, 8, 7, 22, 21, 16, 15, 6, 11, 4, 3]
  8 -> [2, 1, 18, 17, 20, 19, 0, 5, 10, 9, 12, 23, 6, 11, 4, 3, 22, 21, 16, 15]
  9 -> [2, 1, 18, 17, 20, 19, 0, 5, 10, 9, 12, 23, 6, 11, 4, 3, 22, 21, 16, 15]
  10 -> [2, 1, 18, 17, 20, 19, 0, 5, 10, 9, 12, 23, 6, 11, 4, 3, 22, 21, 16, 15]
  11 -> [2, 1, 18, 17, 20, 19, 0, 5, 10, 9, 12, 23, 6, 11, 4, 3, 22, 21, 16, 15]
classes after joining = [14, 14, 17, 17, 17, 14, 14, 17, 14, 14, 14, 14]
     classes = [14, 14, 17, 17, 17, 14, 14, 17, 14, 14, 14, 14]
glue 11 3
for vertices 4 and 11 diff classes = [14, 14, 17, 17, 17, 14, 14, 17, 14, 14, 14, 14]
    for vertex 11 , adjacency = [2, 1, 18, 17, 20, 19, 0, 5, 10, 9, 12, 23, 6, 11, 4, 3, 22, 21, 16, 15]
    for vertex 4 , adjacency = [14, 13, 8, 7, 22, 21, 16, 15, 6, 11, 4, 3]
  join classes for 11 and 4 vertices, classes = [14, 14, 14, 14, 14, 14, 14, 14, 14, 14, 14, 14]
adjacency after joining classes:
  0 -> [22, 21, 16, 15, 2, 1, 18, 17, 20, 19, 0, 5, 10, 9, 12, 23, 6, 11, 4, 3, 22, 21, 16, 15, 6, 11, 4, 3, 14, 13, 8, 7]
  1 -> [22, 21, 16, 15, 2, 1, 18, 17, 20, 19, 0, 5, 10, 9, 12, 23, 6, 11, 4, 3, 22, 21, 16, 15, 6, 11, 4, 3, 14, 13, 8, 7]
  2 -> [22, 21, 16, 15, 2, 1, 18, 17, 20, 19, 0, 5, 10, 9, 12, 23, 6, 11, 4, 3, 22, 21, 16, 15, 6, 11, 4, 3, 14, 13, 8, 7]
  3 -> [22, 21, 16, 15, 2, 1, 18, 17, 20, 19, 0, 5, 10, 9, 12, 23, 6, 11, 4, 3, 22, 21, 16, 15, 6, 11, 4, 3, 14, 13, 8, 7]
  4 -> [22, 21, 16, 15, 2, 1, 18, 17, 20, 19, 0, 5, 10, 9, 12, 23, 6, 11, 4, 3, 22, 21, 16, 15, 6, 11, 4, 3, 14, 13, 8, 7]
  5 -> [22, 21, 16, 15, 2, 1, 18, 17, 20, 19, 0, 5, 10, 9, 12, 23, 6, 11, 4, 3, 22, 21, 16, 15, 6, 11, 4, 3, 14, 13, 8, 7]
  6 -> [22, 21, 16, 15, 2, 1, 18, 17, 20, 19, 0, 5, 10, 9, 12, 23, 6, 11, 4, 3, 22, 21, 16, 15, 6, 11, 4, 3, 14, 13, 8, 7]
  7 -> [22, 21, 16, 15, 2, 1, 18, 17, 20, 19, 0, 5, 10, 9, 12, 23, 6, 11, 4, 3, 22, 21, 16, 15, 6, 11, 4, 3, 14, 13, 8, 7]
  8 -> [22, 21, 16, 15, 2, 1, 18, 17, 20, 19, 0, 5, 10, 9, 12, 23, 6, 11, 4, 3, 22, 21, 16, 15, 6, 11, 4, 3, 14, 13, 8, 7]
  9 -> [22, 21, 16, 15, 2, 1, 18, 17, 20, 19, 0, 5, 10, 9, 12, 23, 6, 11, 4, 3, 22, 21, 16, 15, 6, 11, 4, 3, 14, 13, 8, 7]
  10 -> [22, 21, 16, 15, 2, 1, 18, 17, 20, 19, 0, 5, 10, 9, 12, 23, 6, 11, 4, 3, 22, 21, 16, 15, 6, 11, 4, 3, 14, 13, 8, 7]
  11 -> [22, 21, 16, 15, 2, 1, 18, 17, 20, 19, 0, 5, 10, 9, 12, 23, 6, 11, 4, 3, 22, 21, 16, 15, 6, 11, 4, 3, 14, 13, 8, 7]
classes after = [14, 14, 14, 14, 14, 14, 14, 14, 14, 14, 14, 14]
     classes = [14, 14, 14, 14, 14, 14, 14, 14, 14, 14, 14, 14]

adjacency after dcj:
  0 -> [22, 21, 16, 15, 2, 1, 18, 17, 20, 19, 0, 5, 10, 9, 12, 23, 6, 11, 4, 3, 22, 21, 16, 15, 6, 11, 4, 3, 14, 13, 8, 7]
  1 -> [22, 21, 16, 15, 2, 1, 18, 17, 20, 19, 0, 5, 10, 9, 12, 23, 6, 11, 4, 3, 22, 21, 16, 15, 6, 11, 4, 3, 14, 13, 8, 7]
  2 -> [22, 21, 16, 15, 2, 1, 18, 17, 20, 19, 0, 5, 10, 9, 12, 23, 6, 11, 4, 3, 22, 21, 16, 15, 6, 11, 4, 3, 14, 13, 8, 7]
  3 -> [22, 21, 16, 15, 2, 1, 18, 17, 20, 19, 0, 5, 10, 9, 12, 23, 6, 11, 4, 3, 22, 21, 16, 15, 6, 11, 4, 3, 14, 13, 8, 7]
  4 -> [22, 21, 16, 15, 2, 1, 18, 17, 20, 19, 0, 5, 10, 9, 12, 23, 6, 11, 4, 3, 22, 21, 16, 15, 6, 11, 4, 3, 14, 13, 8, 7]
  5 -> [22, 21, 16, 15, 2, 1, 18, 17, 20, 19, 0, 5, 10, 9, 12, 23, 6, 11, 4, 3, 22, 21, 16, 15, 6, 11, 4, 3, 14, 13, 8, 7]
  6 -> [22, 21, 16, 15, 2, 1, 18, 17, 20, 19, 0, 5, 10, 9, 12, 23, 6, 11, 4, 3, 22, 21, 16, 15, 6, 11, 4, 3, 14, 13, 8, 7]
  7 -> [22, 21, 16, 15, 2, 1, 18, 17, 20, 19, 0, 5, 10, 9, 12, 23, 6, 11, 4, 3, 22, 21, 16, 15, 6, 11, 4, 3, 14, 13, 8, 7]
  8 -> [22, 21, 16, 15, 2, 1, 18, 17, 20, 19, 0, 5, 10, 9, 12, 23, 6, 11, 4, 3, 22, 21, 16, 15, 6, 11, 4, 3, 14, 13, 8, 7]
  9 -> [22, 21, 16, 15, 2, 1, 18, 17, 20, 19, 0, 5, 10, 9, 12, 23, 6, 11, 4, 3, 22, 21, 16, 15, 6, 11, 4, 3, 14, 13, 8, 7]
  10 -> [22, 21, 16, 15, 2, 1, 18, 17, 20, 19, 0, 5, 10, 9, 12, 23, 6, 11, 4, 3, 22, 21, 16, 15, 6, 11, 4, 3, 14, 13, 8, 7]
  11 -> [22, 21, 16, 15, 2, 1, 18, 17, 20, 19, 0, 5, 10, 9, 12, 23, 6, 11, 4, 3, 22, 21, 16, 15, 6, 11, 4, 3, 14, 13, 8, 7]

classes before cut = [14, 14, 14, 14, 14, 14, 14, 14, 14, 14, 14, 14]
cut 2 5
cut 1 7
separVers = [2]
new orders are [4, 3] [22, 21, 16, 15, 6, 11, 4, 3, 14, 13, 8, 7, 22, 21, 16, 15, 2, 1, 18, 17, 20, 19, 0, 5, 10, 9, 12, 23, 6, 11]
     classes = [16, 16, 18, 15, 17, 15, 15, 17, 17, 16, 16, 17]
adjacency after cut:
  0 -> [22, 21, 16, 15, 2, 1, 18, 17, 20, 19, 0, 5, 10, 9, 12, 23, 6, 11, 4, 3, 22, 21, 16, 15, 6, 11, 4, 3, 14, 13, 8, 7]
  1 -> [22, 21, 16, 15, 2, 1, 18, 17, 20, 19, 0, 5, 10, 9, 12, 23, 6, 11, 4, 3, 22, 21, 16, 15, 6, 11, 4, 3, 14, 13, 8, 7]
  2 -> [22, 21, 16, 15, 6, 11, 4, 3, 14, 13, 8, 7, 22, 21, 16, 15, 2, 1, 18, 17, 20, 19, 0, 5, 10, 9, 12, 23, 6, 11]
  3 -> [22, 21, 16, 15, 2, 1, 18, 17, 20, 19, 0, 5, 10, 9, 12, 23, 6, 11, 4, 3, 22, 21, 16, 15, 6, 11, 4, 3, 14, 13, 8, 7]
  4 -> [22, 21, 16, 15, 2, 1, 18, 17, 20, 19, 0, 5, 10, 9, 12, 23, 6, 11, 4, 3, 22, 21, 16, 15, 6, 11, 4, 3, 14, 13, 8, 7]
  5 -> [22, 21, 16, 15, 2, 1, 18, 17, 20, 19, 0, 5, 10, 9, 12, 23, 6, 11, 4, 3, 22, 21, 16, 15, 6, 11, 4, 3, 14, 13, 8, 7]
  6 -> [22, 21, 16, 15, 2, 1, 18, 17, 20, 19, 0, 5, 10, 9, 12, 23, 6, 11, 4, 3, 22, 21, 16, 15, 6, 11, 4, 3, 14, 13, 8, 7]
  7 -> [22, 21, 16, 15, 2, 1, 18, 17, 20, 19, 0, 5, 10, 9, 12, 23, 6, 11, 4, 3, 22, 21, 16, 15, 6, 11, 4, 3, 14, 13, 8, 7]
  8 -> [22, 21, 16, 15, 2, 1, 18, 17, 20, 19, 0, 5, 10, 9, 12, 23, 6, 11, 4, 3, 22, 21, 16, 15, 6, 11, 4, 3, 14, 13, 8, 7]
  9 -> [22, 21, 16, 15, 2, 1, 18, 17, 20, 19, 0, 5, 10, 9, 12, 23, 6, 11, 4, 3, 22, 21, 16, 15, 6, 11, 4, 3, 14, 13, 8, 7]
  10 -> [22, 21, 16, 15, 2, 1, 18, 17, 20, 19, 0, 5, 10, 9, 12, 23, 6, 11, 4, 3, 22, 21, 16, 15, 6, 11, 4, 3, 14, 13, 8, 7]
  11 -> [22, 21, 16, 15, 2, 1, 18, 17, 20, 19, 0, 5, 10, 9, 12, 23, 6, 11, 4, 3, 22, 21, 16, 15, 6, 11, 4, 3, 14, 13, 8, 7]
glue 2 1
     classes = [16, 16, 18, 15, 17, 15, 15, 17, 17, 16, 16, 17]
glue 5 7
for vertices 8 and 5 diff classes = [16, 16, 18, 15, 17, 15, 15, 17, 17, 16, 16, 17]
    for vertex 5 , adjacency = [22, 21, 16, 15, 2, 1, 18, 17, 20, 19, 0, 5, 10, 9, 12, 23, 6, 11, 4, 3, 22, 21, 16, 15, 6, 11, 4, 3, 14, 13, 8, 7]
    for vertex 8 , adjacency = [22, 21, 16, 15, 2, 1, 18, 17, 20, 19, 0, 5, 10, 9, 12, 23, 6, 11, 4, 3, 22, 21, 16, 15, 6, 11, 4, 3, 14, 13, 8, 7]
  join classes for 5 and 8 vertices, classes = [16, 16, 18, 15, 15, 15, 15, 15, 15, 16, 16, 15]
adjacency after joining classes:
  0 -> [22, 21, 16, 15, 2, 1, 18, 17, 20, 19, 0, 5, 10, 9, 12, 23, 6, 11, 4, 3, 22, 21, 16, 15, 6, 11, 4, 3, 14, 13, 8, 7]
  1 -> [22, 21, 16, 15, 2, 1, 18, 17, 20, 19, 0, 5, 10, 9, 12, 23, 6, 11, 4, 3, 22, 21, 16, 15, 6, 11, 4, 3, 14, 13, 8, 7]
  2 -> [22, 21, 16, 15, 6, 11, 4, 3, 14, 13, 8, 7, 22, 21, 16, 15, 2, 1, 18, 17, 20, 19, 0, 5, 10, 9, 12, 23, 6, 11]
  3 -> [10, 9, 12, 23, 6, 11, 4, 3, 22, 21, 16, 15, 6, 11, 4, 3, 14, 13, 8, 7, 22, 21, 16, 15, 2, 1, 18, 17, 20, 19, 0, 5, 2, 1, 18, 17, 20, 19, 0, 5, 10, 9, 12, 23, 6, 11, 4, 3, 22, 21, 16, 15, 6, 11, 4, 3, 14, 13, 8, 7, 22, 21, 16, 15]
  4 -> [10, 9, 12, 23, 6, 11, 4, 3, 22, 21, 16, 15, 6, 11, 4, 3, 14, 13, 8, 7, 22, 21, 16, 15, 2, 1, 18, 17, 20, 19, 0, 5, 2, 1, 18, 17, 20, 19, 0, 5, 10, 9, 12, 23, 6, 11, 4, 3, 22, 21, 16, 15, 6, 11, 4, 3, 14, 13, 8, 7, 22, 21, 16, 15]
  5 -> [10, 9, 12, 23, 6, 11, 4, 3, 22, 21, 16, 15, 6, 11, 4, 3, 14, 13, 8, 7, 22, 21, 16, 15, 2, 1, 18, 17, 20, 19, 0, 5, 2, 1, 18, 17, 20, 19, 0, 5, 10, 9, 12, 23, 6, 11, 4, 3, 22, 21, 16, 15, 6, 11, 4, 3, 14, 13, 8, 7, 22, 21, 16, 15]
  6 -> [10, 9, 12, 23, 6, 11, 4, 3, 22, 21, 16, 15, 6, 11, 4, 3, 14, 13, 8, 7, 22, 21, 16, 15, 2, 1, 18, 17, 20, 19, 0, 5, 2, 1, 18, 17, 20, 19, 0, 5, 10, 9, 12, 23, 6, 11, 4, 3, 22, 21, 16, 15, 6, 11, 4, 3, 14, 13, 8, 7, 22, 21, 16, 15]
  7 -> [10, 9, 12, 23, 6, 11, 4, 3, 22, 21, 16, 15, 6, 11, 4, 3, 14, 13, 8, 7, 22, 21, 16, 15, 2, 1, 18, 17, 20, 19, 0, 5, 2, 1, 18, 17, 20, 19, 0, 5, 10, 9, 12, 23, 6, 11, 4, 3, 22, 21, 16, 15, 6, 11, 4, 3, 14, 13, 8, 7, 22, 21, 16, 15]
  8 -> [10, 9, 12, 23, 6, 11, 4, 3, 22, 21, 16, 15, 6, 11, 4, 3, 14, 13, 8, 7, 22, 21, 16, 15, 2, 1, 18, 17, 20, 19, 0, 5, 2, 1, 18, 17, 20, 19, 0, 5, 10, 9, 12, 23, 6, 11, 4, 3, 22, 21, 16, 15, 6, 11, 4, 3, 14, 13, 8, 7, 22, 21, 16, 15]
  9 -> [22, 21, 16, 15, 2, 1, 18, 17, 20, 19, 0, 5, 10, 9, 12, 23, 6, 11, 4, 3, 22, 21, 16, 15, 6, 11, 4, 3, 14, 13, 8, 7]
  10 -> [22, 21, 16, 15, 2, 1, 18, 17, 20, 19, 0, 5, 10, 9, 12, 23, 6, 11, 4, 3, 22, 21, 16, 15, 6, 11, 4, 3, 14, 13, 8, 7]
  11 -> [10, 9, 12, 23, 6, 11, 4, 3, 22, 21, 16, 15, 6, 11, 4, 3, 14, 13, 8, 7, 22, 21, 16, 15, 2, 1, 18, 17, 20, 19, 0, 5, 2, 1, 18, 17, 20, 19, 0, 5, 10, 9, 12, 23, 6, 11, 4, 3, 22, 21, 16, 15, 6, 11, 4, 3, 14, 13, 8, 7, 22, 21, 16, 15]
classes after = [16, 16, 18, 15, 15, 15, 15, 15, 15, 16, 16, 15]
     classes = [16, 16, 18, 15, 15, 15, 15, 15, 15, 16, 16, 15]

adjacency after dcj:
  0 -> [22, 21, 16, 15, 2, 1, 18, 17, 20, 19, 0, 5, 10, 9, 12, 23, 6, 11, 4, 3, 22, 21, 16, 15, 6, 11, 4, 3, 14, 13, 8, 7]
  1 -> [22, 21, 16, 15, 2, 1, 18, 17, 20, 19, 0, 5, 10, 9, 12, 23, 6, 11, 4, 3, 22, 21, 16, 15, 6, 11, 4, 3, 14, 13, 8, 7]
  2 -> [22, 21, 16, 15, 6, 11, 4, 3, 14, 13, 8, 7, 22, 21, 16, 15, 2, 1, 18, 17, 20, 19, 0, 5, 10, 9, 12, 23, 6, 11]
  3 -> [10, 9, 12, 23, 6, 11, 4, 3, 22, 21, 16, 15, 6, 11, 4, 3, 14, 13, 8, 7, 22, 21, 16, 15, 2, 1, 18, 17, 20, 19, 0, 5, 2, 1, 18, 17, 20, 19, 0, 5, 10, 9, 12, 23, 6, 11, 4, 3, 22, 21, 16, 15, 6, 11, 4, 3, 14, 13, 8, 7, 22, 21, 16, 15]
  4 -> [10, 9, 12, 23, 6, 11, 4, 3, 22, 21, 16, 15, 6, 11, 4, 3, 14, 13, 8, 7, 22, 21, 16, 15, 2, 1, 18, 17, 20, 19, 0, 5, 2, 1, 18, 17, 20, 19, 0, 5, 10, 9, 12, 23, 6, 11, 4, 3, 22, 21, 16, 15, 6, 11, 4, 3, 14, 13, 8, 7, 22, 21, 16, 15]
  5 -> [10, 9, 12, 23, 6, 11, 4, 3, 22, 21, 16, 15, 6, 11, 4, 3, 14, 13, 8, 7, 22, 21, 16, 15, 2, 1, 18, 17, 20, 19, 0, 5, 2, 1, 18, 17, 20, 19, 0, 5, 10, 9, 12, 23, 6, 11, 4, 3, 22, 21, 16, 15, 6, 11, 4, 3, 14, 13, 8, 7, 22, 21, 16, 15]
  6 -> [10, 9, 12, 23, 6, 11, 4, 3, 22, 21, 16, 15, 6, 11, 4, 3, 14, 13, 8, 7, 22, 21, 16, 15, 2, 1, 18, 17, 20, 19, 0, 5, 2, 1, 18, 17, 20, 19, 0, 5, 10, 9, 12, 23, 6, 11, 4, 3, 22, 21, 16, 15, 6, 11, 4, 3, 14, 13, 8, 7, 22, 21, 16, 15]
  7 -> [10, 9, 12, 23, 6, 11, 4, 3, 22, 21, 16, 15, 6, 11, 4, 3, 14, 13, 8, 7, 22, 21, 16, 15, 2, 1, 18, 17, 20, 19, 0, 5, 2, 1, 18, 17, 20, 19, 0, 5, 10, 9, 12, 23, 6, 11, 4, 3, 22, 21, 16, 15, 6, 11, 4, 3, 14, 13, 8, 7, 22, 21, 16, 15]
  8 -> [10, 9, 12, 23, 6, 11, 4, 3, 22, 21, 16, 15, 6, 11, 4, 3, 14, 13, 8, 7, 22, 21, 16, 15, 2, 1, 18, 17, 20, 19, 0, 5, 2, 1, 18, 17, 20, 19, 0, 5, 10, 9, 12, 23, 6, 11, 4, 3, 22, 21, 16, 15, 6, 11, 4, 3, 14, 13, 8, 7, 22, 21, 16, 15]
  9 -> [22, 21, 16, 15, 2, 1, 18, 17, 20, 19, 0, 5, 10, 9, 12, 23, 6, 11, 4, 3, 22, 21, 16, 15, 6, 11, 4, 3, 14, 13, 8, 7]
  10 -> [22, 21, 16, 15, 2, 1, 18, 17, 20, 19, 0, 5, 10, 9, 12, 23, 6, 11, 4, 3, 22, 21, 16, 15, 6, 11, 4, 3, 14, 13, 8, 7]
  11 -> [10, 9, 12, 23, 6, 11, 4, 3, 22, 21, 16, 15, 6, 11, 4, 3, 14, 13, 8, 7, 22, 21, 16, 15, 2, 1, 18, 17, 20, 19, 0, 5, 2, 1, 18, 17, 20, 19, 0, 5, 10, 9, 12, 23, 6, 11, 4, 3, 22, 21, 16, 15, 6, 11, 4, 3, 14, 13, 8, 7, 22, 21, 16, 15]

classes before cut = [16, 16, 18, 15, 15, 15, 15, 15, 15, 16, 16, 15]
cut 2 1
cut 11 3
separVers = [2]
new orders are [4, 3] [14, 13, 8, 7, 22, 21, 16, 15, 2, 1, 18, 17, 20, 19, 0, 5, 10, 9, 12, 23, 6, 11, 22, 21, 16, 15, 6, 11]
     classes = [20, 20, 19, 21, 21, 22, 22, 21, 22, 20, 20, 22]
adjacency after cut:
  0 -> [22, 21, 16, 15, 2, 1, 18, 17, 20, 19, 0, 5, 10, 9, 12, 23, 6, 11, 4, 3, 22, 21, 16, 15, 6, 11, 4, 3, 14, 13, 8, 7]
  1 -> [22, 21, 16, 15, 2, 1, 18, 17, 20, 19, 0, 5, 10, 9, 12, 23, 6, 11, 4, 3, 22, 21, 16, 15, 6, 11, 4, 3, 14, 13, 8, 7]
  2 -> [14, 13, 8, 7, 22, 21, 16, 15, 2, 1, 18, 17, 20, 19, 0, 5, 10, 9, 12, 23, 6, 11, 22, 21, 16, 15, 6, 11]
  3 -> [10, 9, 12, 23, 6, 11, 4, 3, 22, 21, 16, 15, 6, 11, 4, 3, 14, 13, 8, 7, 22, 21, 16, 15, 2, 1, 18, 17, 20, 19, 0, 5, 2, 1, 18, 17, 20, 19, 0, 5, 10, 9, 12, 23, 6, 11, 4, 3, 22, 21, 16, 15, 6, 11, 4, 3, 14, 13, 8, 7, 22, 21, 16, 15]
  4 -> [10, 9, 12, 23, 6, 11, 4, 3, 22, 21, 16, 15, 6, 11, 4, 3, 14, 13, 8, 7, 22, 21, 16, 15, 2, 1, 18, 17, 20, 19, 0, 5, 2, 1, 18, 17, 20, 19, 0, 5, 10, 9, 12, 23, 6, 11, 4, 3, 22, 21, 16, 15, 6, 11, 4, 3, 14, 13, 8, 7, 22, 21, 16, 15]
  5 -> [10, 9, 12, 23, 6, 11, 4, 3, 22, 21, 16, 15, 6, 11, 4, 3, 14, 13, 8, 7, 22, 21, 16, 15, 2, 1, 18, 17, 20, 19, 0, 5, 2, 1, 18, 17, 20, 19, 0, 5, 10, 9, 12, 23, 6, 11, 4, 3, 22, 21, 16, 15, 6, 11, 4, 3, 14, 13, 8, 7, 22, 21, 16, 15]
  6 -> [10, 9, 12, 23, 6, 11, 4, 3, 22, 21, 16, 15, 6, 11, 4, 3, 14, 13, 8, 7, 22, 21, 16, 15, 2, 1, 18, 17, 20, 19, 0, 5, 2, 1, 18, 17, 20, 19, 0, 5, 10, 9, 12, 23, 6, 11, 4, 3, 22, 21, 16, 15, 6, 11, 4, 3, 14, 13, 8, 7, 22, 21, 16, 15]
  7 -> [10, 9, 12, 23, 6, 11, 4, 3, 22, 21, 16, 15, 6, 11, 4, 3, 14, 13, 8, 7, 22, 21, 16, 15, 2, 1, 18, 17, 20, 19, 0, 5, 2, 1, 18, 17, 20, 19, 0, 5, 10, 9, 12, 23, 6, 11, 4, 3, 22, 21, 16, 15, 6, 11, 4, 3, 14, 13, 8, 7, 22, 21, 16, 15]
  8 -> [10, 9, 12, 23, 6, 11, 4, 3, 22, 21, 16, 15, 6, 11, 4, 3, 14, 13, 8, 7, 22, 21, 16, 15, 2, 1, 18, 17, 20, 19, 0, 5, 2, 1, 18, 17, 20, 19, 0, 5, 10, 9, 12, 23, 6, 11, 4, 3, 22, 21, 16, 15, 6, 11, 4, 3, 14, 13, 8, 7, 22, 21, 16, 15]
  9 -> [22, 21, 16, 15, 2, 1, 18, 17, 20, 19, 0, 5, 10, 9, 12, 23, 6, 11, 4, 3, 22, 21, 16, 15, 6, 11, 4, 3, 14, 13, 8, 7]
  10 -> [22, 21, 16, 15, 2, 1, 18, 17, 20, 19, 0, 5, 10, 9, 12, 23, 6, 11, 4, 3, 22, 21, 16, 15, 6, 11, 4, 3, 14, 13, 8, 7]
  11 -> [10, 9, 12, 23, 6, 11, 4, 3, 22, 21, 16, 15, 6, 11, 4, 3, 14, 13, 8, 7, 22, 21, 16, 15, 2, 1, 18, 17, 20, 19, 0, 5, 2, 1, 18, 17, 20, 19, 0, 5, 10, 9, 12, 23, 6, 11, 4, 3, 22, 21, 16, 15, 6, 11, 4, 3, 14, 13, 8, 7, 22, 21, 16, 15]
glue 2 11
for vertices 6 and 2 diff classes = [20, 20, 19, 21, 21, 22, 22, 21, 22, 20, 20, 22]
    for vertex 2 , adjacency = [14, 13, 8, 7, 22, 21, 16, 15, 2, 1, 18, 17, 20, 19, 0, 5, 10, 9, 12, 23, 6, 11, 22, 21, 16, 15, 6, 11]
    for vertex 6 , adjacency = [10, 9, 12, 23, 6, 11, 4, 3, 22, 21, 16, 15, 6, 11, 4, 3, 14, 13, 8, 7, 22, 21, 16, 15, 2, 1, 18, 17, 20, 19, 0, 5, 2, 1, 18, 17, 20, 19, 0, 5, 10, 9, 12, 23, 6, 11, 4, 3, 22, 21, 16, 15, 6, 11, 4, 3, 14, 13, 8, 7, 22, 21, 16, 15]
